0,1,2,3,4,5,6,7,8,9,10,11,12,13,14,15,16,17,18,19,20,21,22,23,24,25
0.0,0.0,0.0,0.0,0.0,0.0,0.0,0.0,0.0,0.0,0.0,0.0,0.0,0.0,0.0,0.0,0.0,0.0,0.0,0.0,0.0,0.0,0.0,0.0,0.0,0.0
0.0,0.0,0.0,0.0,0.0,0.0,0.0,0.0,0.0,0.0,0.0,0.0,0.0,0.0,0.0,0.0,0.0,0.0,0.0,0.0,0.0,0.0,0.0,0.0,0.0,0.0
0.0,0.0,0.02685078634445723,0.04948216340621404,0.05945531261986958,0.07518220176448025,0.07633294975067127,0.09014192558496356,0.08016877637130802,0.07710011507479862,0.07249712313003452,0.06866129650939777,0.05907172995780591,0.05216724204065976,0.05408515535097814,0.04142692750287687,0.029535864978902954,0.026467203682393557,0.018795550441120062,0.01227464518603759,0.01227464518603759,0.00805523590333717,0.004602991944764097,0.0038358266206367474,0.0015343306482546988,0.0
0.0,0.0,0.02519548218940052,0.04952215464813206,0.06972198088618592,0.07645525629887055,0.08014769765421373,0.07993049522154648,0.08123370981754996,0.0762380538662033,0.07471763683753258,0.06364031277150305,0.06407471763683753,0.05647263249348393,0.045612510860121636,0.036055603822762815,0.03366637706342311,0.028670721112076455,0.018027801911381407,0.015638575152041704,0.009556907037358819,0.006733275412684622,0.004344048653344918,0.0028236316246741965,0.0015204170286707212,0.0
0.0,0.0,0.02698748171029101,0.05137376036416843,0.0634043245000813,0.07706064054625264,0.07787351650138188,0.07234596000650301,0.08470167452446757,0.07949926841164039,0.07234596000650301,0.06584295236546903,0.06129084701674525,0.055438140139814664,0.04958543326288408,0.042269549666720856,0.03495366607055763,0.025686880182084215,0.018858722158998538,0.016582669484636645,0.009917086652576818,0.007478458787189075,0.0037392293935945373,0.001463176719232645,0.0011380263371809462,0.00016257519102584944
0.0,0.0,0.025426136363636363,0.048295454545454544,0.06392045454545454,0.0737215909090909,0.08210227272727273,0.08366477272727273,0.07201704545454546,0.07755681818181819,0.07428977272727273,0.06278409090909091,0.06491477272727272,0.056676136363636366,0.05553977272727273,0.03920454545454546,0.03366477272727273,0.026278409090909092,0.021875,0.015056818181818182,0.010795454545454546,0.006392045454545455,0.003409090909090909,0.001846590909090909,0.0005681818181818182,0.0
0.0,0.0,0.028209481520177614,0.047929998694005486,0.05916155152148361,0.06699751861042183,0.0728744939271255,0.0796656654042053,0.0829306516912629,0.08567324017239128,0.07809847198641766,0.0656915240955988,0.05694136084628445,0.06164294109964738,0.050019589917722346,0.04048582995951417,0.035131252448739714,0.025075094684602325,0.022332506203473945,0.01802272430455792,0.008619563797832049,0.007313569283009011,0.004701580253362936,0.0019589917722345565,0.0005223978059292151,0.0
0.0,0.0,0.02551594746716698,0.03927454659161976,0.06816760475297061,0.07191994996873045,0.07454659161976235,0.08242651657285803,0.07867417135709819,0.0809255784865541,0.07529706066291432,0.06929330831769856,0.05966228893058161,0.05503439649781113,0.052782989368355224,0.03689806128830519,0.03514696685428393,0.028142589118198873,0.021263289555972485,0.01575984990619137,0.01425891181988743,0.008005003126954346,0.0032520325203252032,0.0027517198248905566,0.0010006253908692933,0.0
0.0,0.0,0.02837413684871312,0.04607658505963591,0.06164469554300063,0.07457627118644068,0.07721280602636535,0.08072818581293158,0.0788449466415568,0.07369742623979912,0.07796610169491526,0.07005649717514124,0.06352793471437539,0.05674827369742624,0.048085373509102323,0.04218455743879473,0.03402385436283741,0.027746390458254864,0.020966729441305714,0.016195856873822974,0.0077840552416823605,0.0064030131826741995,0.0036409290646578782,0.0022598870056497176,0.0010043942247332078,0.00025109855618330194
0.0,0.0,0.025950896832464064,0.04566849001399313,0.061824195394987916,0.06767586821015138,0.07683500826866811,0.08306831191960311,0.08497646609846075,0.08255947080524106,0.07365475130390535,0.06627655514565577,0.0666581859814273,0.051774583386337614,0.05126574227197558,0.039816817198829665,0.03358351354789467,0.025823686553873553,0.02149853708179621,0.015010812873680193,0.01106729423737438,0.007632616715430607,0.004325149472077344,0.002035364457448162,0.0007632616715430606,0.00025442055718102023
0.0,0.0,0.02735810534912209,0.04233020280386552,0.061793929495031985,0.0726827276439363,0.08166598611678236,0.08221042602422758,0.0830270858853954,0.08112154620933715,0.07104940792160065,0.06846331836123588,0.06383557914795154,0.06084115965700286,0.044916292364230295,0.03661358377569076,0.03307472437729685,0.026133115557370357,0.021369266367224717,0.016877637130801686,0.010480468218320403,0.006533278889342589,0.00449162923642303,0.002449979583503471,0.0005444399074452157,0.00013610997686130393
0.0,0.0,0.027646969466808446,0.0455719276925414,0.06045875740543825,0.07002886222087194,0.07337080358499165,0.08294090840042534,0.08749810116967947,0.08248518912349992,0.07443414856448428,0.06668692085675224,0.05818016102081118,0.05818016102081118,0.0457238341181832,0.04283761203098891,0.032659881512988,0.02840650159501747,0.020051648184718215,0.014279204010329637,0.012912046179553395,0.0065319763025976,0.005164818471821358,0.002126689958985265,0.0013671578307762418,0.00045571927692541396
0.0,0.0,0.023129026928795638,0.04559722451676854,0.06079629935569139,0.0695522881215926,0.0764909962002313,0.08045597224516769,0.08293408227325293,0.08409053361969271,0.07599537419461425,0.06410044605980506,0.063604824054188,0.053361969271435654,0.05071865190814472,0.04427556583512308,0.03469354039319346,0.028746076325788864,0.021972575582355856,0.01585990417974558,0.009416818106723939,0.007103915413844374,0.004791012720964811,0.0014868660168511482,0.0004956220056170494,0.00033041467041136624
0.0,0.0,0.024562037204262237,0.04822105833483836,0.06610077659382337,0.07169947625067727,0.08199385949069893,0.08434170128228283,0.07729817590753116,0.07838179519595449,0.07585335018963338,0.07260249232436337,0.05725121907169948,0.057612425501173924,0.04352537475167058,0.03485642044428391,0.03286978508217446,0.02709048221058335,0.022936608271627235,0.015351273252663897,0.011739208957919451,0.006321112515802781,0.006682318945277226,0.0018060321473722233,0.0007224128589488893,0.00018060321473722233
0.0,0.0,0.03032770201506208,0.04783228170160798,0.06554040301241604,0.07164665174028088,0.08100956645634032,0.07592102584978629,0.08223081620191329,0.07592102584978629,0.07653165072257277,0.06798290250356198,0.06208019539995929,0.05312436393242418,0.04925707307144311,0.03867290860981071,0.029717077142275596,0.026460411154081008,0.025646244657032365,0.015672705068186445,0.01261958070425402,0.00508854060655404,0.0028495827396702628,0.002646041115408101,0.0010177081213108082,0.0002035416242621616
0.0,0.0,0.028197897974878237,0.04921814919251474,0.05972827480133299,0.07177646757241733,0.07792873622148166,0.07510894642399385,0.07639066905921559,0.07664701358625993,0.07357087926172776,0.07254550115355037,0.06075365290951038,0.06280440912586516,0.05024352730069213,0.040246090745962575,0.038451679056652144,0.02665983081261215,0.01845680594719303,0.016662394257882594,0.008972058446552167,0.007177646757241733,0.004870546013842604,0.002050756216354781,0.0015380671622660857,0.0
0.0,0.0,0.025802580258025804,0.05910591059105911,0.061806180618061805,0.07230723072307231,0.0822082208220822,0.08670867086708671,0.0858085808580858,0.08040804080408041,0.06930693069306931,0.0672067206720672,0.05670567056705671,0.048004800480048,0.050405040504050404,0.032403240324032405,0.034203420342034205,0.026102610261026102,0.0231023102310231,0.013201320132013201,0.007500750075007501,0.0087008700870087,0.0042004200420042,0.003000300030003,0.0018001800180018,0.0
0.0,0.0,0.02834467120181406,0.050642479213907785,0.05895691609977324,0.07369614512471655,0.07785336356764928,0.07936507936507936,0.07747543461829176,0.0854119425547997,0.06991685563114135,0.05857898715041572,0.06613756613756613,0.055933484504913075,0.05328798185941043,0.04195011337868481,0.03325774754346183,0.031746031746031744,0.021919879062736205,0.012093726379440665,0.011715797430083144,0.005668934240362812,0.0041572184429327285,0.0007558578987150416,0.0003779289493575208,0.0007558578987150416
0.0,0.0,0.022933588150979456,0.048733874820831344,0.053989488772097464,0.06641184902054467,0.08743430482560917,0.0817009077878643,0.08074534161490683,0.07978977544194936,0.08504538939321549,0.062111801242236024,0.05972288580984233,0.0630673674151935,0.05542283803153368,0.043478260869565216,0.034400382226469184,0.023889154323936932,0.017677974199713332,0.009555661729574774,0.009077878643096034,0.008600095556617296,0.004777830864787387,0.0009555661729574773,0.00047778308647873863,0.0
0.0,0.0,0.017786561264822136,0.04084321475625823,0.05928853754940711,0.06389986824769434,0.077733860342556,0.09156785243741765,0.07839262187088274,0.077733860342556,0.07312252964426877,0.06587615283267458,0.06587615283267458,0.05665349143610013,0.06126482213438735,0.036231884057971016,0.04018445322793149,0.026350461133069828,0.024374176548089592,0.015810276679841896,0.011857707509881422,0.005928853754940711,0.005270092226613966,0.0032938076416337285,0.0006587615283267457,0.0
0.0,0.0,0.027751196172248804,0.049760765550239235,0.07177033492822966,0.05741626794258373,0.07464114832535886,0.07559808612440191,0.0708133971291866,0.07751196172248803,0.08516746411483253,0.07559808612440191,0.05837320574162679,0.04880382775119617,0.05263157894736842,0.045933014354066985,0.03923444976076555,0.019138755980861243,0.024880382775119617,0.00861244019138756,0.014354066985645933,0.011483253588516746,0.0066985645933014355,0.0019138755980861245,0.0009569377990430622,0.0009569377990430622
0.0,0.0,0.02616279069767442,0.050872093023255814,0.06540697674418605,0.06976744186046512,0.07122093023255814,0.10174418604651163,0.07412790697674419,0.09447674418604651,0.0625,0.056686046511627904,0.06395348837209303,0.04505813953488372,0.05813953488372093,0.036337209302325583,0.02180232558139535,0.03488372093023256,0.02180232558139535,0.02180232558139535,0.011627906976744186,0.0029069767441860465,0.00436046511627907,0.0014534883720930232,0.0,0.0029069767441860465
0.0,0.0,0.037825059101654845,0.026004728132387706,0.04728132387706856,0.09692671394799054,0.06855791962174941,0.09929078014184398,0.1016548463356974,0.08747044917257683,0.061465721040189124,0.06382978723404255,0.03546099290780142,0.06382978723404255,0.04491725768321513,0.06382978723404255,0.03546099290780142,0.02364066193853428,0.018912529550827423,0.004728132387706856,0.004728132387706856,0.01182033096926714,0.0,0.0,0.002364066193853428,0.0
0.0,0.0,0.04265402843601896,0.02843601895734597,0.04265402843601896,0.052132701421800945,0.07582938388625593,0.06635071090047394,0.07582938388625593,0.061611374407582936,0.0995260663507109,0.09004739336492891,0.07109004739336493,0.04739336492890995,0.06635071090047394,0.037914691943127965,0.02843601895734597,0.03317535545023697,0.02843601895734597,0.02843601895734597,0.014218009478672985,0.004739336492890996,0.0,0.004739336492890996,0.0,0.0
0.0,0.0,0.0,0.044444444444444446,0.044444444444444446,0.07777777777777778,0.03333333333333333,0.07777777777777778,0.12222222222222222,0.05555555555555555,0.06666666666666667,0.05555555555555555,0.06666666666666667,0.05555555555555555,0.12222222222222222,0.03333333333333333,0.05555555555555555,0.011111111111111112,0.03333333333333333,0.022222222222222223,0.011111111111111112,0.011111111111111112,0.0,0.0,0.0,0.0
0.0,0.0,0.0,0.0,0.05555555555555555,0.05555555555555555,0.05555555555555555,0.1111111111111111,0.1111111111111111,0.1111111111111111,0.05555555555555555,0.0,0.05555555555555555,0.1111111111111111,0.05555555555555555,0.1111111111111111,0.05555555555555555,0.05555555555555555,0.0,0.0,0.0,0.0,0.0,0.0,0.0,0.0
