0,1,2,3,4,5,6,7,8,9,10,11,12,13,14,15,16,17,18,19,20,21,22,23,24,25,26,27,28
0.0,0.0,0.0,0.0,0.0,0.0,0.0,0.0,0.0,0.0,0.0,0.0,0.0,0.0,0.0,0.0,0.0,0.0,0.0,0.0,0.0,0.0,0.0,0.0,0.0,0.0,0.0,0.0,0.0
0.0,0.0,0.0,0.0,0.0,0.0,0.0,0.0,0.0,0.0,0.0,0.0,0.0,0.0,0.0,0.0,0.0,0.0,0.0,0.0,0.0,0.0,0.0,0.0,0.0,0.0,0.0,0.0,0.0
0.0,0.0,0.0,0.0,0.0,0.0,0.0,0.0,0.0,0.0,0.0,0.0,0.0,0.0,0.0,0.0,0.0,0.0,0.0,0.0,0.0,0.0,0.0,0.0,0.0,0.0,0.0,0.0,0.0
0.0,0.0,0.0,0.0,0.0,0.0,0.0,0.0,0.0,0.0,0.0,0.0,0.0,0.0,0.0,0.0,0.0,0.0,0.0,0.0,0.0,0.0,0.0,0.0,0.0,0.0,0.0,0.0,0.0
0.0,0.0,0.0,0.0,0.0,0.0,0.0,0.0,0.0,0.0,0.0,0.0,0.0,0.0,0.0,0.0,0.0,0.0,0.0,0.0,0.0,0.0,0.0,0.0,0.0,0.0,0.0,0.0,0.0
0.0,0.0,0.0,0.0,0.0,0.0,0.0,0.0,0.0,0.0,0.0,0.0,0.0,0.0,0.0,0.0,0.0,0.0,0.0,0.0,0.0,0.0,0.0,0.3333333333333333,0.3333333333333333,0.0,0.0,0.3333333333333333,0.0
0.0,0.0,0.0,0.0,0.0,0.0,0.0,0.0,0.0,0.0,0.0,0.0,0.0,0.0,0.0,0.0,0.0,0.2,0.0,0.2,0.0,0.0,0.0,0.0,0.0,0.0,0.0,0.4,0.2
0.0,0.0,0.0,0.0,0.0,0.0,0.0,0.0,0.0,0.0,0.0,0.0,0.0,0.0,0.0,0.0,0.0,0.0,0.1111111111111111,0.0,0.05555555555555555,0.0,0.1111111111111111,0.05555555555555555,0.05555555555555555,0.1111111111111111,0.05555555555555555,0.3888888888888889,0.05555555555555555
0.0,0.0,0.0,0.0,0.0,0.0,0.0,0.0,0.0,0.0,0.0,0.0,0.0,0.0,0.03571428571428571,0.0,0.0,0.03571428571428571,0.0,0.07142857142857142,0.0,0.0,0.03571428571428571,0.07142857142857142,0.14285714285714285,0.07142857142857142,0.21428571428571427,0.17857142857142858,0.14285714285714285
0.0,0.0,0.0,0.0,0.0,0.0,0.0,0.0,0.0,0.0,0.0,0.02564102564102564,0.0,0.0,0.0,0.01282051282051282,0.038461538461538464,0.02564102564102564,0.05128205128205128,0.0,0.05128205128205128,0.05128205128205128,0.038461538461538464,0.1282051282051282,0.10256410256410256,0.1282051282051282,0.14102564102564102,0.07692307692307693,0.1282051282051282
0.0,0.0,0.0,0.0,0.0,0.0,0.0,0.0,0.0,0.008771929824561403,0.008771929824561403,0.0,0.0,0.017543859649122806,0.008771929824561403,0.017543859649122806,0.017543859649122806,0.017543859649122806,0.02631578947368421,0.03508771929824561,0.043859649122807015,0.06140350877192982,0.03508771929824561,0.043859649122807015,0.07017543859649122,0.09649122807017543,0.09649122807017543,0.18421052631578946,0.21052631578947367
0.0,0.0,0.0,0.0,0.0,0.0,0.0,0.0,0.0,0.004464285714285714,0.0,0.0,0.0,0.004464285714285714,0.013392857142857142,0.004464285714285714,0.013392857142857142,0.013392857142857142,0.03125,0.044642857142857144,0.03571428571428571,0.049107142857142856,0.049107142857142856,0.0625,0.09821428571428571,0.13392857142857142,0.10714285714285714,0.16517857142857142,0.16964285714285715
0.0,0.0,0.0,0.0,0.0,0.0,0.0,0.0,0.003115264797507788,0.0,0.0,0.009345794392523364,0.0,0.012461059190031152,0.006230529595015576,0.012461059190031152,0.01557632398753894,0.018691588785046728,0.01557632398753894,0.024922118380062305,0.03426791277258567,0.0529595015576324,0.056074766355140186,0.08722741433021806,0.09034267912772585,0.09657320872274143,0.11526479750778816,0.1588785046728972,0.19003115264797507
0.0,0.0,0.0,0.0,0.0,0.0,0.0,0.0,0.0,0.0,0.0,0.0,0.0041928721174004195,0.0020964360587002098,0.010482180293501049,0.016771488469601678,0.025157232704402517,0.03773584905660377,0.018867924528301886,0.018867924528301886,0.039832285115303984,0.0440251572327044,0.05450733752620545,0.07756813417190776,0.1069182389937107,0.10272536687631027,0.09853249475890985,0.16981132075471697,0.1719077568134172
0.0,0.0,0.0,0.0,0.0,0.0,0.0,0.0,0.0,0.001303780964797914,0.0,0.002607561929595828,0.005215123859191656,0.003911342894393742,0.007822685788787484,0.014341590612777053,0.014341590612777053,0.024771838331160364,0.02346805736636245,0.02216427640156454,0.04563233376792699,0.048239895697522815,0.054758800521512385,0.08344198174706649,0.07561929595827901,0.12516297262059975,0.13820078226857888,0.1421121251629726,0.16688396349413298
0.0,0.0,0.0,0.0,0.0,0.0,0.0,0.0,0.0,0.0009794319294809011,0.002938295788442703,0.0019588638589618022,0.0039177277179236044,0.0039177277179236044,0.005876591576885406,0.007835455435847209,0.012732615083251714,0.019588638589618023,0.01860920666013712,0.030362389813907934,0.03330068560235064,0.05190989226248776,0.058765915768854066,0.061704211557296766,0.0969637610186092,0.12144955925563174,0.14201762977473065,0.15866797257590598,0.1665034280117532
0.0,0.0,0.0,0.0,0.0,0.0,0.0,0.0007496251874062968,0.0022488755622188904,0.0,0.0007496251874062968,0.0029985007496251873,0.0029985007496251873,0.0037481259370314842,0.005247376311844078,0.008245877061469266,0.013493253373313344,0.018740629685157422,0.0239880059970015,0.02923538230884558,0.0472263868065967,0.03973013493253373,0.06221889055472264,0.06896551724137931,0.0967016491754123,0.11169415292353824,0.13793103448275862,0.13793103448275862,0.18515742128935533
0.0,0.0,0.0,0.0,0.0,0.0,0.0,0.0,0.0,0.0011160714285714285,0.0005580357142857143,0.0027901785714285715,0.00390625,0.005022321428571429,0.012276785714285714,0.008370535714285714,0.014508928571428572,0.016183035714285716,0.026227678571428572,0.0390625,0.041294642857142856,0.05357142857142857,0.06584821428571429,0.078125,0.09319196428571429,0.10993303571428571,0.12723214285714285,0.12890625,0.171875
0.0,0.0,0.0,0.0,0.0,0.0,0.0,0.0,0.0,0.000847457627118644,0.001694915254237288,0.001694915254237288,0.003389830508474576,0.004661016949152543,0.013135593220338982,0.013135593220338982,0.01440677966101695,0.020338983050847456,0.022033898305084745,0.03305084745762712,0.04406779661016949,0.048305084745762714,0.06228813559322034,0.06864406779661017,0.08686440677966102,0.11313559322033899,0.12838983050847458,0.14915254237288136,0.17076271186440678
0.0,0.0,0.0,0.0,0.0,0.0,0.0,0.0,0.0003191828917969997,0.0003191828917969997,0.0003191828917969997,0.001915097350781998,0.003830194701563996,0.005106926268751995,0.007660389403127992,0.00925630386211299,0.012767315671879987,0.015639961698052984,0.026172997127353975,0.03096074050430897,0.036706032556654965,0.04691988509415895,0.054580274497286946,0.06702840727736993,0.0938397701883179,0.11905521864028087,0.13629109479731885,0.15352697095435686,0.17778487073092883
0.0,0.0,0.0,0.0,0.0,0.0,0.0,0.00026048450117218026,0.0005209690023443605,0.001041938004688721,0.0018233915082052619,0.0026048450117218025,0.004428236519927064,0.004949205522271425,0.006772597030476686,0.00989841104454285,0.012763740557436832,0.017191977077363897,0.023704089606668404,0.035686376660588694,0.04297994269340974,0.048971086220369886,0.05991143526960146,0.07580098984110445,0.08986715290440218,0.10966397499348789,0.1226882000520969,0.15498827819744726,0.17348267778067206
0.0,0.0,0.0,0.0,0.0,0.0,0.0,0.0,0.00020161290322580645,0.0012096774193548388,0.0018145161290322581,0.002620967741935484,0.002620967741935484,0.004637096774193548,0.007459677419354839,0.011491935483870968,0.013306451612903225,0.017943548387096775,0.025403225806451612,0.03286290322580645,0.03467741935483871,0.05262096774193548,0.06068548387096774,0.07580645161290323,0.09133064516129032,0.10927419354838709,0.13125,0.1495967741935484,0.17318548387096774
0.0,0.0,0.0,0.0,0.0,0.0,0.00016809547823163558,0.0005042864346949068,0.00016809547823163558,0.00033619095646327115,0.0006723819129265423,0.0030257186081694403,0.0033619095646327114,0.005379055303412338,0.006891914607497059,0.01176668347621449,0.01327954278029921,0.01933097999663809,0.026390990082366783,0.03395528660279039,0.0401748192973609,0.05110102538241721,0.059337703815767355,0.07631534711716255,0.09060346276685158,0.10321062363422424,0.13397209615061356,0.15111783493024036,0.16893595562279376
0.0,0.0,0.0,0.0,0.0,0.0,0.0,0.0001373437714599643,0.00041203131437989287,0.0006867188572998214,0.0013734377145996428,0.0026095316577393213,0.0034335942864991073,0.003708281829419036,0.007279219887378108,0.01085015794533718,0.013322345831616535,0.018953440461475072,0.02664469166323307,0.03584672435105068,0.04271391292404889,0.04793297623952754,0.06001922812800439,0.07238016755940119,0.08776266996291718,0.10932564208213158,0.12457080071418761,0.14819392940530146,0.18184315341299273
0.0,0.0,0.0,0.0,0.0,0.0,0.0,0.00011330160888284614,0.00022660321776569228,0.0005665080444142307,0.0010197144799456153,0.0020394289598912306,0.0028325402220711533,0.004305461137548153,0.007931112621799229,0.010650351234987537,0.01495581237253569,0.01756174937684115,0.02424654430092907,0.03376387944708815,0.03591661001586222,0.052345343303874914,0.05970994788125991,0.06820756854747337,0.09098119193292545,0.1070700203942896,0.1306367550419216,0.15476999773396782,0.18014955812372535
0.0,0.0,0.0,0.0,0.0,0.0,0.00018511662347278786,9.255831173639393e-05,9.255831173639393e-05,0.0006479081821547575,0.001203258052573121,0.0016660496112550908,0.0036097741577193632,0.004998148833765272,0.0072195483154387265,0.009348389485375787,0.013143280266567938,0.016845612736023696,0.022028878193261756,0.02971121806738245,0.04035542391706775,0.05396149574231766,0.061088485746019994,0.07737874861162532,0.08885597926693817,0.11032950758978156,0.1266197704553869,0.14790818215475748,0.18271010736764162
0.0,0.0,0.0,0.0,0.0,7.936507936507937e-05,0.0,0.0003968253968253968,0.00015873015873015873,0.0009523809523809524,0.0013492063492063493,0.0023015873015873015,0.003253968253968254,0.005317460317460317,0.008492063492063492,0.010555555555555556,0.014365079365079365,0.017857142857142856,0.024761904761904763,0.03166666666666667,0.038253968253968255,0.05007936507936508,0.061031746031746034,0.07087301587301588,0.0919047619047619,0.10880952380952381,0.12174603174603174,0.15253968253968253,0.18325396825396825
0.0,0.0,0.0,0.0,0.0,0.00013528138528138528,0.00013528138528138528,0.00020292207792207794,0.00040584415584415587,0.000946969696969697,0.001149891774891775,0.00229978354978355,0.0027056277056277055,0.005073051948051948,0.007305194805194805,0.008928571428571428,0.011837121212121212,0.017992424242424244,0.023268398268398268,0.03192640692640693,0.039028679653679656,0.049377705627705624,0.06148538961038961,0.07609577922077922,0.08759469696969698,0.10592532467532467,0.1306141774891775,0.15205627705627706,0.18350919913419914
0.0,0.0,0.0,0.0,0.0,0.0,0.0,0.00011388873071009624,0.0002847218267752406,0.0007972211149706737,0.000968054211035818,0.00210694151813678,0.003416661921302887,0.004897215420534138,0.007915266784351688,0.01116109560958943,0.014008313877341838,0.018962473663231023,0.02300552360343944,0.029269403792494732,0.03798189169181709,0.050794373896702924,0.061329081487386826,0.07670406013324982,0.08871932122316496,0.11479984055577701,0.1286373213370537,0.14834007174990035,0.17578725585103355
